1009255
1032906
1033471
1034251
1034251
1034251
1050745
1068249
1107552
1109184
1109909
1126847
1126847
1138332
1142164
1146567
1151496
1156062
115848
1159308
1163805
1168306
1175957
1198325
1198325
1202146
1222311
1233113
1236571
1239575
1241928
1242580
1255774
1274118
1278648
1278648
1300269
1302313
1303586
1309802
1309802
1319920
1320990
1322626
1337759
1339297
1341643
1341857
1343921
1352895
1370138
1371536
1377417
1381310
1443070
1446880
1461581
1522075
1553706
1558061
1582504
1614935
1636456
1648437
1673237
1673237
1702506
1889106
24405
24405
273111
32543
344917
365185
445078
445170
45380
467695
468296
468296
491683
491683
494232
50059
515643
560171
564935
592546
598160
633491
66615
723643
727291
727291
738127
742937
763788
817453
842485
842485
85294
870902
870902
88694
957302
988985